{
  "samples": [
    {
      "case_id": "re1-ob_adservice_delay_2",
      "fault": "delay",
      "ground_truth": "adservice",
      "predicted_failure_unit": "frontend",
      "predicted_failure_type": "delay",
      "correct": false,
      "service_vocab": [
        "InboundPassthroughClusterIpv4",
        "adservice",
        "carts",
        "cartservice",
        "catalogue",
        "checkoutservice",
        "currencyservice",
        "emailservice",
        "front-end",
        "frontend",
        "frontend-check",
        "main",
        "orders",
        "paymentservice",
        "productcatalogservice",
        "recommendationservice",
        "redis",
        "shippingservice"
      ],
      "present_mask": [
        0.0,
        1.0,
        0.0,
        1.0,
        0.0,
        1.0,
        1.0,
        1.0,
        0.0,
        1.0,
        0.0,
        1.0,
        0.0,
        1.0,
        1.0,
        1.0,
        1.0,
        1.0
      ],
      "attention": [
        [
          0.0,
          0.0,
          0.0,
          0.0,
          0.0,
          0.0,
          0.0,
          0.0,
          0.0,
          0.0,
          0.0,
          0.0,
          0.0,
          0.0,
          0.0,
          0.0,
          0.0,
          0.0
        ],
        [
          0.0,
          8.396778827801654e-10,
          0.0,
          2.715907807351349e-15,
          0.0,
          8.59001726086911e-14,
          0.9999998807907104,
          1.192281061926091e-16,
          0.0,
          1.5714935841515398e-07,
          0.0,
          1.2527134398974717e-21,
          0.0,
          7.859879603720407e-15,
          3.824820776938964e-13,
          1.1242799778924936e-20,
          4.876715960851381e-16,
          8.885302771864147e-15
        ],
        [
          0.0,
          0.0,
          0.0,
          0.0,
          0.0,
          0.0,
          0.0,
          0.0,
          0.0,
          0.0,
          0.0,
          0.0,
          0.0,
          0.0,
          0.0,
          0.0,
          0.0,
          0.0
        ],
        [
          0.0,
          1.6593383334040368e-09,
          0.0,
          2.0219906342799562e-14,
          0.0,
          2.551108196219287e-13,
          0.9999995231628418,
          1.2217712286687987e-15,
          0.0,
          5.170448389435478e-07,
          0.0,
          5.328093599595955e-20,
          0.0,
          9.658308088847031e-14,
          2.4760464945733363e-12,
          3.3180853592643867e-19,
          8.708125502155176e-15,
          1.1712254057501693e-14
        ],
        [
          0.0,
          0.0,
          0.0,
          0.0,
          0.0,
          0.0,
          0.0,
          0.0,
          0.0,
          0.0,
          0.0,
          0.0,
          0.0,
          0.0,
          0.0,
          0.0,
          0.0,
          0.0
        ],
        [
          0.0,
          5.025737204872316e-12,
          0.0,
          3.064308363585861e-18,
          0.0,
          6.88401477160352e-17,
          1.0,
          8.911452614755315e-20,
          0.0,
          8.348906455069027e-09,
          0.0,
          2.602223356661604e-25,
          0.0,
          2.4572410910596227e-17,
          1.475695824387877e-15,
          2.6411173547326206e-24,
          1.1444806848786218e-18,
          1.1036929258615149e-18
        ],
        [
          0.0,
          0.0015333116753026843,
          0.0,
          2.2737422114005312e-05,
          0.0,
          8.689892274560407e-05,
          0.9885894060134888,
          7.52385722080362e-06,
          0.0,
          0.009567774832248688,
          0.0,
          1.9586326516218833e-07,
          0.0,
          3.084863783442415e-05,
          0.00010358054714743048,
          3.7356940651989134e-07,
          1.3583623513113707e-05,
          4.376475408207625e-05
        ],
        [
          0.0,
          3.036129214706307e-08,
          0.0,
          2.101849727251248e-12,
          0.0,
          1.7817639724748702e-11,
          0.9999955892562866,
          1.9348518826619449e-13,
          0.0,
          4.3684462980309036e-06,
          0.0,
          4.106320437082282e-17,
          0.0,
          8.361797365630252e-12,
          1.3005123367104687e-10,
          1.8295106979392996e-16,
          1.1136980010081898e-12,
          1.143348978861758e-12
        ],
        [
          0.0,
          0.0,
          0.0,
          0.0,
          0.0,
          0.0,
          0.0,
          0.0,
          0.0,
          0.0,
          0.0,
          0.0,
          0.0,
          0.0,
          0.0,
          0.0,
          0.0,
          0.0
        ],
        [
          0.0,
          2.3110537483717053e-07,
          0.0,
          6.1423869462950975e-12,
          0.0,
          2.3812565808079e-10,
          0.9999958276748657,
          4.822426095604793e-13,
          0.0,
          3.881851171172457e-06,
          0.0,
          2.4191257664860367e-17,
          0.0,
          6.232383532867036e-12,
          2.2434784585634304e-10,
          1.9109076524946816e-16,
          5.348089592710492e-13,
          1.5827168742266196e-10
        ],
        [
          0.0,
          0.0,
          0.0,
          0.0,
          0.0,
          0.0,
          0.0,
          0.0,
          0.0,
          0.0,
          0.0,
          0.0,
          0.0,
          0.0,
          0.0,
          0.0,
          0.0,
          0.0
        ],
        [
          0.0,
          4.884039412900165e-07,
          0.0,
          2.722649050657111e-10,
          0.0,
          9.579118609437387e-10,
          0.9999510049819946,
          4.3759704193568894e-11,
          0.0,
          4.8486439482076094e-05,
          0.0,
          6.418481604498691e-14,
          0.0,
          1.2185203956960322e-09,
          8.71367777932619e-09,
          2.019357717066711e-13,
          2.6266744335146086e-10,
          5.6536129944273483e-11
        ],
        [
          0.0,
          0.0,
          0.0,
          0.0,
          0.0,
          0.0,
          0.0,
          0.0,
          0.0,
          0.0,
          0.0,
          0.0,
          0.0,
          0.0,
          0.0,
          0.0,
          0.0,
          0.0
        ],
        [
          0.0,
          5.460824468173087e-07,
          0.0,
          1.0243147302579914e-10,
          0.0,
          9.701036640663574e-10,
          0.999975323677063,
          1.237134006348839e-11,
          0.0,
          2.4069495339062996e-05,
          0.0,
          5.560185998957929e-15,
          0.0,
          2.407365973233766e-10,
          3.1301596870036974e-09,
          2.3822888038887817e-14,
          3.744685117545998e-11,
          1.6924854573385772e-10
        ],
        [
          0.0,
          2.8674784857685154e-07,
          0.0,
          7.453065942186754e-11,
          0.0,
          4.283000343274779e-10,
          0.9999736547470093,
          9.560234548455782e-12,
          0.0,
          2.6035515475086868e-05,
          0.0,
          6.8573686767998965e-15,
          0.0,
          2.7251731427035963e-10,
          2.6787523310645156e-09,
          2.4781861472319457e-14,
          4.962899882721139e-11,
          3.408840570928717e-11
        ],
        [
          0.0,
          1.2787944569936371e-07,
          0.0,
          1.9692403957494165e-11,
          0.0,
          1.3565966405781893e-10,
          0.9999877214431763,
          2.1987817382801422e-12,
          0.0,
          1.216531018144451e-05,
          0.0,
          9.222620725855726e-16,
          0.0,
          6.971689892054656e-11,
          8.582626831454832e-10,
          3.7056526772073165e-15,
          1.0854433671325658e-11,
          1.1059865696882998e-11
        ],
        [
          0.0,
          6.959582492527261e-07,
          0.0,
          2.3680601923814493e-10,
          0.0,
          1.4470590281590034e-09,
          0.9999604225158691,
          3.37122239846277e-11,
          0.0,
          3.8872727600391954e-05,
          0.0,
          2.672239531975422e-14,
          0.0,
          6.919757544743277e-10,
          6.866172519437441e-09,
          1.0261986437476098e-13,
          1.2550817329870512e-10,
          1.7166257304523924e-10
        ],
        [
          0.0,
          5.759958507809619e-16,
          0.0,
          1.3491463063182277e-24,
          0.0,
          1.3747184907941106e-22,
          1.0,
          1.0115735950972051e-26,
          0.0,
          7.991010630981066e-12,
          0.0,
          1.8376366581104286e-34,
          0.0,
          1.6226026316949437e-23,
          5.6772022690671195e-21,
          5.0053835154959214e-33,
          2.1495971559587466e-25,
          9.632870246581744e-25
        ]
      ]
    },
    {
      "case_id": "re1-ob_adservice_disk_4",
      "fault": "disk",
      "ground_truth": "adservice",
      "predicted_failure_unit": "adservice",
      "predicted_failure_type": "disk",
      "correct": true,
      "service_vocab": [
        "InboundPassthroughClusterIpv4",
        "adservice",
        "carts",
        "cartservice",
        "catalogue",
        "checkoutservice",
        "currencyservice",
        "emailservice",
        "front-end",
        "frontend",
        "frontend-check",
        "main",
        "orders",
        "paymentservice",
        "productcatalogservice",
        "recommendationservice",
        "redis",
        "shippingservice"
      ],
      "present_mask": [
        0.0,
        1.0,
        0.0,
        1.0,
        0.0,
        1.0,
        1.0,
        1.0,
        0.0,
        1.0,
        0.0,
        1.0,
        0.0,
        1.0,
        1.0,
        1.0,
        1.0,
        1.0
      ],
      "attention": [
        [
          0.0,
          0.0,
          0.0,
          0.0,
          0.0,
          0.0,
          0.0,
          0.0,
          0.0,
          0.0,
          0.0,
          0.0,
          0.0,
          0.0,
          0.0,
          0.0,
          0.0,
          0.0
        ],
        [
          0.0,
          4.874504497820453e-07,
          0.0,
          0.49708789587020874,
          0.0,
          0.00040380077552981675,
          0.009151424281299114,
          0.0003423132002353668,
          0.0,
          0.028637927025556564,
          0.0,
          0.07443995028734207,
          0.0,
          0.047741737216711044,
          0.022986633703112602,
          0.10954009741544724,
          0.20039230585098267,
          0.009275481104850769
        ],
        [
          0.0,
          0.0,
          0.0,
          0.0,
          0.0,
          0.0,
          0.0,
          0.0,
          0.0,
          0.0,
          0.0,
          0.0,
          0.0,
          0.0,
          0.0,
          0.0,
          0.0,
          0.0
        ],
        [
          0.0,
          1.0,
          0.0,
          0.0,
          0.0,
          5.985894839132978e-30,
          1.9323905823039227e-42,
          1.2880790394344398e-28,
          0.0,
          0.0,
          0.0,
          0.0,
          0.0,
          0.0,
          2.284116496849452e-43,
          0.0,
          0.0,
          2.726926811576094e-42
        ],
        [
          0.0,
          0.0,
          0.0,
          0.0,
          0.0,
          0.0,
          0.0,
          0.0,
          0.0,
          0.0,
          0.0,
          0.0,
          0.0,
          0.0,
          0.0,
          0.0,
          0.0,
          0.0
        ],
        [
          0.0,
          1.0,
          0.0,
          2.554797693860608e-15,
          0.0,
          3.251667379799983e-09,
          2.3068868863773684e-12,
          2.376359731215416e-08,
          0.0,
          7.644483462042329e-13,
          0.0,
          2.8593704129025203e-16,
          0.0,
          1.7822331067549047e-12,
          2.9181549537904417e-11,
          1.5159615472388598e-15,
          1.0020724847999106e-17,
          2.6170337598385718e-12
        ],
        [
          0.0,
          1.0,
          0.0,
          2.067914555453567e-28,
          0.0,
          1.793969407230746e-15,
          1.4359309163520913e-21,
          1.3264086179507351e-14,
          0.0,
          4.4086390989708197e-23,
          0.0,
          1.8624281822609e-27,
          0.0,
          1.6247147278825824e-23,
          1.890904386089069e-21,
          3.7526479188052965e-27,
          7.580805574328658e-30,
          1.723350430794322e-21
        ],
        [
          0.0,
          1.0,
          0.0,
          1.8326489550088768e-15,
          0.0,
          1.6030810456868494e-08,
          8.986848591685526e-12,
          3.552719363142387e-08,
          0.0,
          1.4286052809481253e-12,
          0.0,
          7.654411433573143e-15,
          0.0,
          6.409403173132655e-13,
          8.742308960085765e-12,
          9.473523108019001e-15,
          4.168842850594878e-16,
          1.006811474468794e-11
        ],
        [
          0.0,
          0.0,
          0.0,
          0.0,
          0.0,
          0.0,
          0.0,
          0.0,
          0.0,
          0.0,
          0.0,
          0.0,
          0.0,
          0.0,
          0.0,
          0.0,
          0.0,
          0.0
        ],
        [
          0.0,
          1.0,
          0.0,
          1.9327407667901575e-38,
          0.0,
          1.0498369539369889e-20,
          5.0448826095031135e-29,
          1.4248067144012847e-19,
          0.0,
          3.8249615217423456e-31,
          0.0,
          6.417227259716385e-37,
          0.0,
          8.312929716564576e-32,
          5.046999928735724e-29,
          1.4007533704325824e-36,
          3.815399406725039e-40,
          6.354453582669457e-29
        ],
        [
          0.0,
          0.0,
          0.0,
          0.0,
          0.0,
          0.0,
          0.0,
          0.0,
          0.0,
          0.0,
          0.0,
          0.0,
          0.0,
          0.0,
          0.0,
          0.0,
          0.0,
          0.0
        ],
        [
          0.0,
          1.0,
          0.0,
          4.602249526762052e-25,
          0.0,
          2.5305322073898573e-13,
          1.0028138040648807e-18,
          9.098971576193549e-13,
          0.0,
          3.337291200618161e-20,
          0.0,
          1.6067359567638714e-23,
          0.0,
          6.951742190169285e-21,
          4.0894829792583696e-19,
          1.609029964276254e-23,
          1.5680301611833177e-25,
          1.1744493350738414e-18
        ],
        [
          0.0,
          0.0,
          0.0,
          0.0,
          0.0,
          0.0,
          0.0,
          0.0,
          0.0,
          0.0,
          0.0,
          0.0,
          0.0,
          0.0,
          0.0,
          0.0,
          0.0,
          0.0
        ],
        [
          0.0,
          1.0,
          0.0,
          0.0,
          0.0,
          3.71418270669561e-26,
          5.836580743883668e-37,
          5.652900825913577e-25,
          0.0,
          7.662636314559538e-40,
          0.0,
          0.0,
          0.0,
          4.57537961586696e-41,
          1.7197835614267729e-37,
          0.0,
          0.0,
          7.9948422536009e-37
        ],
        [
          0.0,
          1.0,
          0.0,
          8.407790785948902e-45,
          0.0,
          1.0545676385585402e-23,
          1.8370418166429392e-33,
          1.2772207102718215e-22,
          0.0,
          4.2466627530563395e-36,
          0.0,
          2.886674836509123e-42,
          0.0,
          3.1119168611716428e-37,
          5.2433338778160845e-34,
          3.541081219348813e-42,
          0.0,
          2.411027442954808e-33
        ],
        [
          0.0,
          1.0,
          0.0,
          6.214788553753435e-36,
          0.0,
          4.1701248171761642e-19,
          6.899516914390943e-27,
          3.2778681997735765e-18,
          0.0,
          5.517644845923602e-29,
          0.0,
          6.1778270911358404e-34,
          0.0,
          7.445475141498151e-30,
          2.7933945988005017e-27,
          7.500764708572225e-34,
          7.1438756230664904e-37,
          8.577977186876063e-27
        ],
        [
          0.0,
          1.0,
          0.0,
          2.8269044316818785e-27,
          0.0,
          1.9046296454599577e-14,
          2.4056137660101042e-20,
          7.295734654431951e-14,
          0.0,
          5.817930207797146e-22,
          0.0,
          1.4830133888324849e-25,
          0.0,
          1.0160618704934189e-22,
          8.630388113278447e-21,
          1.427315741359839e-25,
          9.578952505045102e-28,
          2.8568895808892244e-20
        ],
        [
          0.0,
          1.0,
          0.0,
          2.0417274452584906e-27,
          0.0,
          5.563102756911799e-15,
          7.339366780029876e-21,
          3.9086277752809276e-14,
          0.0,
          2.6916093120499415e-22,
          0.0,
          1.365923288523475e-26,
          0.0,
          1.103387573632809e-22,
          1.1165996382166814e-20,
          2.935964644421678e-26,
          6.557516413768355e-29,
          8.761282175072861e-21
        ]
      ]
    },
    {
      "case_id": "re1-ob_adservice_loss_5",
      "fault": "loss",
      "ground_truth": "adservice",
      "predicted_failure_unit": "adservice",
      "predicted_failure_type": "delay",
      "correct": true,
      "service_vocab": [
        "InboundPassthroughClusterIpv4",
        "adservice",
        "carts",
        "cartservice",
        "catalogue",
        "checkoutservice",
        "currencyservice",
        "emailservice",
        "front-end",
        "frontend",
        "frontend-check",
        "main",
        "orders",
        "paymentservice",
        "productcatalogservice",
        "recommendationservice",
        "redis",
        "shippingservice"
      ],
      "present_mask": [
        0.0,
        1.0,
        0.0,
        1.0,
        0.0,
        1.0,
        1.0,
        1.0,
        0.0,
        1.0,
        0.0,
        1.0,
        0.0,
        1.0,
        1.0,
        1.0,
        1.0,
        1.0
      ],
      "attention": [
        [
          0.0,
          0.0,
          0.0,
          0.0,
          0.0,
          0.0,
          0.0,
          0.0,
          0.0,
          0.0,
          0.0,
          0.0,
          0.0,
          0.0,
          0.0,
          0.0,
          0.0,
          0.0
        ],
        [
          0.0,
          0.9314531087875366,
          0.0,
          9.37428069391899e-07,
          0.0,
          0.0010306376498192549,
          2.571916047600098e-05,
          7.71415579947643e-05,
          0.0,
          0.00023578607942909002,
          0.0,
          5.433963279344312e-10,
          0.0,
          7.00505111694838e-08,
          5.893516572541557e-07,
          0.046304669231176376,
          6.954414821791488e-10,
          0.020871389657258987
        ],
        [
          0.0,
          0.0,
          0.0,
          0.0,
          0.0,
          0.0,
          0.0,
          0.0,
          0.0,
          0.0,
          0.0,
          0.0,
          0.0,
          0.0,
          0.0,
          0.0,
          0.0,
          0.0
        ],
        [
          0.0,
          0.9998131394386292,
          0.0,
          1.943125013864642e-18,
          0.0,
          9.818291735186335e-10,
          9.801276577728422e-15,
          3.327779675085796e-14,
          0.0,
          4.2932489703086107e-13,
          0.0,
          4.576160540771712e-27,
          0.0,
          5.622044038567792e-24,
          5.274730174952113e-19,
          0.00018527067732065916,
          3.9039271737093873e-25,
          1.6433476730526309e-06
        ],
        [
          0.0,
          0.0,
          0.0,
          0.0,
          0.0,
          0.0,
          0.0,
          0.0,
          0.0,
          0.0,
          0.0,
          0.0,
          0.0,
          0.0,
          0.0,
          0.0,
          0.0,
          0.0
        ],
        [
          0.0,
          0.9972430467605591,
          0.0,
          8.361073877520553e-13,
          0.0,
          6.543728545693739e-07,
          2.729722003991242e-10,
          6.519424999851253e-10,
          0.0,
          3.9513983196570734e-09,
          0.0,
          9.649791832321646e-19,
          0.0,
          1.460614482171353e-16,
          3.2627226658268893e-13,
          0.0026396175380796194,
          1.852244003452421e-17,
          0.0001165830617537722
        ],
        [
          0.0,
          0.9996600151062012,
          0.0,
          4.011167204242347e-17,
          0.0,
          4.742294557047444e-09,
          1.1620226807694534e-13,
          4.3236684306620365e-13,
          0.0,
          4.760829751260243e-12,
          0.0,
          3.3412935802163613e-25,
          0.0,
          4.344629347399376e-22,
          1.1406930662127721e-17,
          0.0003349062171764672,
          1.5306096172325954e-23,
          5.078846697870176e-06
        ],
        [
          0.0,
          0.9999039173126221,
          0.0,
          8.9108684184477e-20,
          0.0,
          1.67679106710672e-10,
          6.821406198958321e-16,
          1.8748341603974563e-15,
          0.0,
          2.7781825166664324e-14,
          0.0,
          5.973347556008572e-29,
          0.0,
          4.469658155591054e-26,
          2.1455703149671666e-20,
          9.555189899401739e-05,
          1.2257975561505173e-26,
          4.440724694632081e-07
        ],
        [
          0.0,
          0.0,
          0.0,
          0.0,
          0.0,
          0.0,
          0.0,
          0.0,
          0.0,
          0.0,
          0.0,
          0.0,
          0.0,
          0.0,
          0.0,
          0.0,
          0.0,
          0.0
        ],
        [
          0.0,
          0.9999034404754639,
          0.0,
          1.0548381008451816e-19,
          0.0,
          1.91110141600781e-10,
          8.528876389857221e-16,
          2.6688972670204985e-15,
          0.0,
          4.016575686958089e-14,
          0.0,
          6.468588404145598e-29,
          0.0,
          7.7053350935119e-26,
          2.4641241927685866e-20,
          9.609137487132102e-05,
          1.0176294892143364e-26,
          5.227741439739475e-07
        ],
        [
          0.0,
          0.0,
          0.0,
          0.0,
          0.0,
          0.0,
          0.0,
          0.0,
          0.0,
          0.0,
          0.0,
          0.0,
          0.0,
          0.0,
          0.0,
          0.0,
          0.0,
          0.0
        ],
        [
          0.0,
          0.9998732805252075,
          0.0,
          2.93132827507121e-19,
          0.0,
          2.6609248138242947e-10,
          1.419096659335871e-15,
          2.609122787207473e-15,
          0.0,
          3.198583433706992e-14,
          0.0,
          4.6771569811308595e-28,
          0.0,
          8.603535817982037e-26,
          7.124119521241947e-20,
          0.0001261730067199096,
          1.6021976991407028e-25,
          4.4778414576285286e-07
        ],
        [
          0.0,
          0.0,
          0.0,
          0.0,
          0.0,
          0.0,
          0.0,
          0.0,
          0.0,
          0.0,
          0.0,
          0.0,
          0.0,
          0.0,
          0.0,
          0.0,
          0.0,
          0.0
        ],
        [
          0.0,
          0.9999974966049194,
          0.0,
          2.3592416484940146e-27,
          0.0,
          1.7158087220448502e-14,
          4.368702100565356e-22,
          1.0173901481747428e-21,
          0.0,
          3.603483737851407e-20,
          0.0,
          5.8852713813638695e-40,
          0.0,
          8.439835455023328e-37,
          3.0972735550675043e-28,
          2.508104216758511e-06,
          2.8555953369753736e-36,
          7.169919657989965e-10
        ],
        [
          0.0,
          0.9996457099914551,
          0.0,
          4.6717149293745274e-17,
          0.0,
          4.2499150865182855e-09,
          1.0157182034472786e-13,
          2.5831816069868396e-13,
          0.0,
          2.550926700775613e-12,
          0.0,
          5.744267682032406e-25,
          0.0,
          2.0194866941561766e-22,
          1.3100592065316783e-17,
          0.00035068727447651327,
          5.103257947288698e-23,
          3.6314363569545094e-06
        ],
        [
          0.0,
          0.9545733332633972,
          0.0,
          2.2688521994496114e-07,
          0.0,
          0.0004473211884032935,
          6.843566552561242e-06,
          1.6893818610697053e-05,
          0.0,
          5.097207395010628e-05,
          0.0,
          7.950005237455926e-11,
          0.0,
          5.266869163023102e-09,
          1.3023455380789528e-07,
          0.034908417612314224,
          1.9605460310767597e-10,
          0.009995898231863976
        ],
        [
          0.0,
          0.9978461265563965,
          0.0,
          1.9889122358611455e-13,
          0.0,
          2.9649157795574865e-07,
          7.49635492569567e-11,
          1.3666838494241773e-10,
          0.0,
          7.988938954817115e-10,
          0.0,
          1.5363038108839851e-19,
          0.0,
          1.0405477156580184e-17,
          7.494284598279222e-14,
          0.0021003358997404575,
          6.069924126808022e-18,
          5.328050610842183e-05
        ],
        [
          0.0,
          0.9958357810974121,
          0.0,
          5.724846811883122e-12,
          0.0,
          1.6437745671282755e-06,
          1.117479775381014e-09,
          2.2913630992604794e-09,
          0.0,
          1.1513355602232878e-08,
          0.0,
          1.7810330171344658e-17,
          0.0,
          1.2757454386172636e-15,
          2.300415500450237e-12,
          0.003971354570239782,
          3.580167128351756e-16,
          0.00019120945944450796
        ]
      ]
    },
    {
      "case_id": "re1-ob_cartservice_cpu_1",
      "fault": "cpu",
      "ground_truth": "cartservice",
      "predicted_failure_unit": "cartservice",
      "predicted_failure_type": "cpu",
      "correct": true,
      "service_vocab": [
        "InboundPassthroughClusterIpv4",
        "adservice",
        "carts",
        "cartservice",
        "catalogue",
        "checkoutservice",
        "currencyservice",
        "emailservice",
        "front-end",
        "frontend",
        "frontend-check",
        "main",
        "orders",
        "paymentservice",
        "productcatalogservice",
        "recommendationservice",
        "redis",
        "shippingservice"
      ],
      "present_mask": [
        0.0,
        1.0,
        0.0,
        1.0,
        0.0,
        1.0,
        1.0,
        1.0,
        0.0,
        1.0,
        0.0,
        1.0,
        0.0,
        1.0,
        1.0,
        1.0,
        1.0,
        1.0
      ],
      "attention": [
        [
          0.0,
          0.0,
          0.0,
          0.0,
          0.0,
          0.0,
          0.0,
          0.0,
          0.0,
          0.0,
          0.0,
          0.0,
          0.0,
          0.0,
          0.0,
          0.0,
          0.0,
          0.0
        ],
        [
          0.0,
          6.773909990442917e-05,
          0.0,
          0.9998654127120972,
          0.0,
          3.3839034352389774e-10,
          5.987759976733287e-08,
          4.590476032490592e-19,
          0.0,
          8.740204293644638e-07,
          0.0,
          1.3586126835504015e-15,
          0.0,
          5.8458721468923613e-05,
          1.4362689171321108e-06,
          5.994507773721125e-06,
          3.0889677988599814e-15,
          1.299326618520169e-10
        ],
        [
          0.0,
          0.0,
          0.0,
          0.0,
          0.0,
          0.0,
          0.0,
          0.0,
          0.0,
          0.0,
          0.0,
          0.0,
          0.0,
          0.0,
          0.0,
          0.0,
          0.0,
          0.0
        ],
        [
          0.0,
          0.10222701728343964,
          0.0,
          0.004933828487992287,
          0.0,
          0.1558879017829895,
          0.04624549299478531,
          0.007399462163448334,
          0.0,
          0.11457604169845581,
          0.0,
          0.02054467424750328,
          0.0,
          0.02215154469013214,
          0.03880101814866066,
          0.034453462809324265,
          0.01826334372162819,
          0.43451619148254395
        ],
        [
          0.0,
          0.0,
          0.0,
          0.0,
          0.0,
          0.0,
          0.0,
          0.0,
          0.0,
          0.0,
          0.0,
          0.0,
          0.0,
          0.0,
          0.0,
          0.0,
          0.0,
          0.0
        ],
        [
          0.0,
          3.1752057338962913e-07,
          0.0,
          0.9999995231628418,
          0.0,
          4.440637459220858e-16,
          3.107364192345141e-12,
          8.562524665513939e-31,
          0.0,
          2.097535062306477e-10,
          0.0,
          4.814584258391997e-25,
          0.0,
          2.1081027057334722e-07,
          4.528511454715556e-10,
          5.44186073980768e-09,
          1.7194988505567384e-24,
          1.0076883628710434e-16
        ],
        [
          0.0,
          7.6314463512972e-05,
          0.0,
          0.9998283386230469,
          0.0,
          7.945605839942971e-10,
          1.1580751646533827e-07,
          5.8439892550662066e-18,
          0.0,
          1.2927698662679177e-06,
          0.0,
          9.287771323784975e-15,
          0.0,
          8.256095316028222e-05,
          2.363885187151027e-06,
          8.987098226498347e-06,
          2.0657451376099138e-14,
          2.799616649618031e-10
        ],
        [
          0.0,
          1.2201474419271108e-05,
          0.0,
          0.9999691247940063,
          0.0,
          1.3804590283383877e-11,
          7.564620041478065e-09,
          7.211010805622808e-21,
          0.0,
          9.211868956526814e-08,
          0.0,
          3.243773552003427e-17,
          0.0,
          1.7204014511662535e-05,
          2.3478685307054548e-07,
          1.24927714750811e-06,
          8.124323792779012e-17,
          3.421858499677577e-12
        ],
        [
          0.0,
          0.0,
          0.0,
          0.0,
          0.0,
          0.0,
          0.0,
          0.0,
          0.0,
          0.0,
          0.0,
          0.0,
          0.0,
          0.0,
          0.0,
          0.0,
          0.0,
          0.0
        ],
        [
          0.0,
          3.1434683478437364e-05,
          0.0,
          0.9999396800994873,
          0.0,
          4.4345600108686156e-11,
          1.4310035822973077e-08,
          7.898092548686068e-21,
          0.0,
          2.5198878006449377e-07,
          0.0,
          5.1433984609428854e-17,
          0.0,
          2.6042675017379224e-05,
          4.3868357124665636e-07,
          2.1869136617169715e-06,
          1.244757797033149e-16,
          1.56891600405773e-11
        ],
        [
          0.0,
          0.0,
          0.0,
          0.0,
          0.0,
          0.0,
          0.0,
          0.0,
          0.0,
          0.0,
          0.0,
          0.0,
          0.0,
          0.0,
          0.0,
          0.0,
          0.0,
          0.0
        ],
        [
          0.0,
          2.0111720004933886e-06,
          0.0,
          0.9999940395355225,
          0.0,
          4.60402332577714e-13,
          6.08867956053416e-10,
          3.282482727693925e-23,
          0.0,
          8.722832234298039e-09,
          0.0,
          3.264171277901829e-19,
          0.0,
          3.6977710351493442e-06,
          2.8902684690024216e-08,
          1.887497802499638e-07,
          9.318324017259397e-19,
          8.450923608908228e-14
        ],
        [
          0.0,
          0.0,
          0.0,
          0.0,
          0.0,
          0.0,
          0.0,
          0.0,
          0.0,
          0.0,
          0.0,
          0.0,
          0.0,
          0.0,
          0.0,
          0.0,
          0.0,
          0.0
        ],
        [
          0.0,
          0.0130150793120265,
          0.0,
          0.9722601175308228,
          0.0,
          3.060536619159393e-05,
          0.0002896985097322613,
          4.3789574744046433e-10,
          0.0,
          0.0015233439626172185,
          0.0,
          3.34864083129105e-08,
          0.0,
          0.008483398705720901,
          0.0014807935804128647,
          0.002892911434173584,
          5.002992153890773e-08,
          2.401504934823606e-05
        ],
        [
          0.0,
          0.0006978429155424237,
          0.0,
          0.9988644123077393,
          0.0,
          1.5015276133567568e-08,
          1.0486921837582486e-06,
          6.93393545244334e-17,
          0.0,
          1.464382148697041e-05,
          0.0,
          1.2106160800391674e-13,
          0.0,
          0.000351594208041206,
          1.5593501302646473e-05,
          5.47843192180153e-05,
          2.3574707724155486e-13,
          9.239358611523585e-09
        ],
        [
          0.0,
          0.0019288096809759736,
          0.0,
          0.9963430762290955,
          0.0,
          3.7562679722213943e-07,
          1.06097131720162e-05,
          9.52918503111487e-14,
          0.0,
          9.106981451623142e-05,
          0.0,
          3.552342794921337e-11,
          0.0,
          0.001255919341929257,
          0.00010220328840659931,
          0.0002677405718713999,
          6.263148333296442e-11,
          2.3532771820100606e-07
        ],
        [
          0.0,
          2.366729859204497e-06,
          0.0,
          0.9999933242797852,
          0.0,
          5.453453444034806e-13,
          6.888011827577145e-10,
          3.2951262747384455e-23,
          0.0,
          1.0323267574108286e-08,
          0.0,
          3.455536410688675e-19,
          0.0,
          4.026081114716362e-06,
          3.237883205997605e-08,
          2.1039602415839909e-07,
          9.76521558102153e-19,
          1.0583703780996795e-13
        ],
        [
          0.0,
          1.7036349220234115e-08,
          0.0,
          1.0,
          0.0,
          3.4387014757656307e-19,
          1.517623002364899e-14,
          5.596479350305448e-37,
          0.0,
          2.4185052831943166e-12,
          0.0,
          5.0115623663691684e-30,
          0.0,
          9.933879496770714e-09,
          5.994038598799989e-12,
          1.2213648148406975e-10,
          2.2932628636067672e-29,
          5.879021413832987e-20
        ]
      ]
    },
    {
      "case_id": "re1-ob_cartservice_cpu_3",
      "fault": "cpu",
      "ground_truth": "cartservice",
      "predicted_failure_unit": "cartservice",
      "predicted_failure_type": "cpu",
      "correct": true,
      "service_vocab": [
        "InboundPassthroughClusterIpv4",
        "adservice",
        "carts",
        "cartservice",
        "catalogue",
        "checkoutservice",
        "currencyservice",
        "emailservice",
        "front-end",
        "frontend",
        "frontend-check",
        "main",
        "orders",
        "paymentservice",
        "productcatalogservice",
        "recommendationservice",
        "redis",
        "shippingservice"
      ],
      "present_mask": [
        0.0,
        1.0,
        0.0,
        1.0,
        0.0,
        1.0,
        1.0,
        1.0,
        0.0,
        1.0,
        0.0,
        1.0,
        0.0,
        1.0,
        1.0,
        1.0,
        1.0,
        1.0
      ],
      "attention": [
        [
          0.0,
          0.0,
          0.0,
          0.0,
          0.0,
          0.0,
          0.0,
          0.0,
          0.0,
          0.0,
          0.0,
          0.0,
          0.0,
          0.0,
          0.0,
          0.0,
          0.0,
          0.0
        ],
        [
          0.0,
          0.033241722732782364,
          0.0,
          0.4723738729953766,
          0.0,
          3.829392881016247e-05,
          4.9308906454825774e-05,
          1.4708948583574966e-06,
          0.0,
          0.00016949557175394148,
          0.0,
          6.882078196213115e-08,
          0.0,
          0.4910430908203125,
          0.0014354076702147722,
          0.001343906274996698,
          3.0550762630809913e-07,
          0.00030308091663755476
        ],
        [
          0.0,
          0.0,
          0.0,
          0.0,
          0.0,
          0.0,
          0.0,
          0.0,
          0.0,
          0.0,
          0.0,
          0.0,
          0.0,
          0.0,
          0.0,
          0.0,
          0.0,
          0.0
        ],
        [
          0.0,
          0.06997605413198471,
          0.0,
          0.031704582273960114,
          0.0,
          0.15076059103012085,
          0.038326967507600784,
          0.011784934438765049,
          0.0,
          0.23388299345970154,
          0.0,
          0.008797062560915947,
          0.0,
          0.059311892837285995,
          0.05622122436761856,
          0.052677176892757416,
          0.0064747086726129055,
          0.28008177876472473
        ],
        [
          0.0,
          0.0,
          0.0,
          0.0,
          0.0,
          0.0,
          0.0,
          0.0,
          0.0,
          0.0,
          0.0,
          0.0,
          0.0,
          0.0,
          0.0,
          0.0,
          0.0,
          0.0
        ],
        [
          0.0,
          7.85126758273691e-06,
          0.0,
          0.4638143479824066,
          0.0,
          1.289621414072356e-18,
          7.393147747352359e-17,
          1.060334069780743e-22,
          0.0,
          4.827157651294308e-16,
          0.0,
          5.49721361810857e-28,
          0.0,
          0.5361777544021606,
          2.394303331987313e-11,
          2.997955703132327e-11,
          3.057133309685076e-25,
          2.4674198926042225e-15
        ],
        [
          0.0,
          0.000480348156997934,
          0.0,
          0.5871947407722473,
          0.0,
          1.1017444769001461e-11,
          1.1856352011285765e-10,
          6.387430054278706e-14,
          0.0,
          2.917509289712683e-10,
          0.0,
          4.790055689145549e-17,
          0.0,
          0.4123243987560272,
          2.638762168771791e-07,
          2.6177377776548383e-07,
          2.479218002768291e-15,
          8.929358363829465e-10
        ],
        [
          0.0,
          0.00036355879274196923,
          0.0,
          0.5175939798355103,
          0.0,
          2.2383082800420118e-12,
          2.8877723129427935e-11,
          6.14592706967617e-15,
          0.0,
          9.071371431801367e-11,
          0.0,
          2.507323816581442e-18,
          0.0,
          0.48204222321510315,
          1.0713115017324526e-07,
          1.1652422671204477e-07,
          1.5524814256992882e-16,
          2.761910422588443e-10
        ],
        [
          0.0,
          0.0,
          0.0,
          0.0,
          0.0,
          0.0,
          0.0,
          0.0,
          0.0,
          0.0,
          0.0,
          0.0,
          0.0,
          0.0,
          0.0,
          0.0,
          0.0,
          0.0
        ],
        [
          0.0,
          3.1956707971403375e-05,
          0.0,
          0.5819119811058044,
          0.0,
          4.65658797972775e-16,
          1.7611637788319395e-14,
          3.695199326972785e-19,
          0.0,
          5.17820480233893e-14,
          0.0,
          1.4039070384848847e-23,
          0.0,
          0.41805604100227356,
          7.947236757566145e-10,
          8.879084689716876e-10,
          3.4531547282917616e-21,
          2.225667024811917e-13
        ],
        [
          0.0,
          0.0,
